3,2
3,1
3,3
10,78
10,176
10,88
10,206
10,296
10,14
10,250
10,2
10,3
9,4
9,6
8,17
8,7
8,4
8,5
8,8
8,15
8,12
8,9
8,2
8,3
2,2
2,1
2,3
83,5
83,4
83,3
83,2
83,1
83,0
81,3
81,2
81,1
81,0
53,17
53,16
53,15
53,14
53,13
53,12
53,11
53,10
53,9
53,8
53,7
53,6
53,5
53,4
53,3
53,2
53,1
51,6
51,5
51,3
51,1
50,3
50,1
49,3
49,1
48,7
48,6
48,5
48,3
48,1
47,3
47,1
46,3
46,1
20,3
20,2
20,1
19,3
19,2
19,1
18,3
18,1
14,3
14,1
13,3
13,1
12,3
12,2
12,1
11,29
11,28
11,27
11,26
11,25
11,24
11,22
11,21
11,20
11,19
11,18
11,17
11,16
11,15
11,14
11,13
11,12
11,10
11,9
11,8
11,7
11,6
